0 0.514883 0.630825 0.031094 0.040518
0 0.516478 0.594834 0.027982 0.026523
0 0.520169 0.573267 0.026042 0.031768
0 0.526198 0.544854 0.024870 0.036719
0 0.505208 0.533340 0.027969 0.039336
0 0.541348 0.513813 0.040404 0.048096
0 0.510846 0.492104 0.034583 0.046045
0 0.501908 0.455527 0.023711 0.037598
0 0.348997 0.434395 0.079271 0.048379
0 0.321602 0.345366 0.037682 0.094717
0 0.370560 0.346240 0.059453 0.063242
0 0.355410 0.274834 0.043138 0.065566
0 0.402813 0.259824 0.069557 0.037305
0 0.410977 0.206055 0.057891 0.052168
0 0.481120 0.205322 0.034974 0.044297
0 0.461107 0.246274 0.038464 0.049834
0 0.491413 0.257490 0.033815 0.058867
0 0.442259 0.335161 0.052852 0.070244
0 0.467520 0.288677 0.026419 0.032061
0 0.468490 0.405693 0.019036 0.070234
0 0.497630 0.411812 0.026042 0.046924
0 0.494915 0.368242 0.036914 0.044297
0 0.506185 0.327437 0.034583 0.034385
0 0.478203 0.326416 0.023698 0.041094
0 0.501712 0.300918 0.031081 0.022148
