0 0.554741 0.904635 0.023564 0.055000
0 0.502061 0.887168 0.026230 0.048815
0 0.530938 0.813828 0.024590 0.066302
0 0.555918 0.763281 0.027187 0.062839
0 0.486343 0.753008 0.026748 0.047135
0 0.494277 0.711309 0.032637 0.028997
0 0.538560 0.670514 0.038076 0.022357
0 0.451084 0.612799 0.029004 0.059219
0 0.430459 0.630632 0.026738 0.041706
0 0.425244 0.591048 0.026289 0.042305
0 0.525190 0.567474 0.027646 0.067682
0 0.488247 0.516712 0.038076 0.044727
0 0.498218 0.477435 0.029912 0.022969
0 0.490967 0.443594 0.024473 0.043516
0 0.457651 0.462025 0.043057 0.041706
0 0.458330 0.367142 0.024473 0.062253
0 0.441113 0.288581 0.035352 0.057422
