0 0.410244 0.614375 0.051523 0.120863
0 0.342695 0.582397 0.090449 0.104253
0 0.343271 0.642829 0.030527 0.048853
0 0.281826 0.561495 0.030527 0.038273
0 0.375322 0.462043 0.038926 0.087126
0 0.333540 0.481933 0.058389 0.087629
0 0.339263 0.407899 0.045420 0.050361
0 0.353574 0.358299 0.035879 0.071005
0 0.400322 0.378189 0.061445 0.109781
0 0.374946 0.223331 0.016787 0.059936
0 0.392886 0.210741 0.013740 0.024678
0 0.393457 0.240451 0.015645 0.016624
0 0.415015 0.241456 0.024424 0.083093
0 0.431616 0.218041 0.018701 0.054381
0 0.446118 0.301643 0.038545 0.107771
0 0.506992 0.241707 0.048848 0.093673
0 0.565000 0.232899 0.058770 0.059923
0 0.505469 0.317004 0.075566 0.074034
0 0.462339 0.385238 0.060303 0.044317
0 0.511001 0.349987 0.040830 0.008067
0 0.531606 0.353260 0.070596 0.074021
0 0.493442 0.466572 0.064502 0.119356
0 0.419785 0.499304 0.045410 0.092165
0 0.454326 0.683628 0.063359 0.098209
0 0.464058 0.586682 0.049990 0.069497
0 0.474360 0.560496 0.046943 0.109781
0 0.550884 0.559736 0.043506 0.124394
0 0.657739 0.526753 0.098467 0.079562
0 0.564238 0.468840 0.074043 0.101727
0 0.581602 0.398331 0.051523 0.112796
0 0.623584 0.365090 0.033203 0.086624
0 0.605073 0.373409 0.061826 0.024678
0 0.634272 0.418473 0.066787 0.058415
0 0.655640 0.379955 0.030146 0.036765
0 0.695903 0.344948 0.046553 0.061443
0 0.732349 0.386753 0.035498 0.125902
0 0.694951 0.385992 0.032441 0.056907
0 0.669380 0.453228 0.080518 0.058415
