0 0.182383 0.200651 0.158125 0.252643
0 0.314966 0.198546 0.155908 0.279695
0 0.509585 0.178997 0.122744 0.267663
0 0.605239 0.353433 0.108369 0.159402
0 0.777739 0.157191 0.139326 0.209017
0 0.516221 0.541408 0.197930 0.192483
0 0.211021 0.775239 0.235537 0.326308
0 0.448770 0.840651 0.158125 0.156388
0 0.512349 0.883513 0.106162 0.181952
0 0.364727 0.939894 0.100625 0.090226
0 0.553818 0.739150 0.120527 0.124807
0 0.802065 0.856441 0.130479 0.236096
0 0.826392 0.694788 0.079619 0.207530
0 0.912646 0.545179 0.101738 0.287171
0 0.759492 0.485764 0.080723 0.084223
0 0.745122 0.568466 0.200146 0.111275
0 0.692583 0.772218 0.068545 0.221036
0 0.704756 0.947390 0.077402 0.105219
0 0.596943 0.981228 0.069668 0.037543
