0 0.776895 0.212892 0.199590 0.193982
0 0.487124 0.317255 0.242725 0.156384
0 0.428452 0.521010 0.061182 0.187965
0 0.335176 0.690183 0.063184 0.177438
0 0.276499 0.674400 0.044131 0.151874
0 0.416416 0.757101 0.079238 0.094729
0 0.513208 0.653346 0.050146 0.124817
0 0.489634 0.734546 0.073213 0.127833
0 0.580908 0.522518 0.033105 0.157892
0 0.641089 0.530791 0.043135 0.165417
0 0.619521 0.684919 0.076230 0.151889
0 0.545303 0.618001 0.054160 0.192489
0 0.511699 0.467635 0.063184 0.087218
0 0.337681 0.470637 0.100303 0.090234
0 0.359746 0.542818 0.066191 0.057145
